$ 1 0.000005 10.20027730826997 50 5 43
a 304 192 384 192 8 5 -5 1000000 0.9924112387895647 0.9924575215216631 100000
174 256 336 224 288 1 10000 0.9950000000000001 Resistance
r 256 176 176 176 0 10000
r 256 176 256 272 0 3900
R 176 176 128 176 0 1 40 2 0 0 0.5
O 384 192 432 192 0 0
r 256 352 176 352 0 10000
w 176 176 176 352 0
w 256 352 256 336 0
g 224 304 208 304 0
r 384 144 304 144 0 24000
w 384 192 384 144 0
w 304 176 304 144 0
w 304 176 256 176 0
w 256 352 304 352 0
w 304 208 304 352 0
o 5 64 0 4098 10 0.1 0 3 4 0 4 3
